AD 5 -4 2 6
AD 1 1 1 1 1 
SU 6.2 4.4 1.1 -2.3 
SU -0.6 2.8 -6.4 12.1
SU -0.6 2.8 -6.4 12.1 0.1
SC -0.6 2.8 -6.4 12.1
SC 3.2 1.6 0.0 0.0 
SC 3.2 1.6 0.0 0.0 -0.3
DO -1.4 2.0 3.6 7.1
CO -1.4 2.0 3.6 7.1 
PR -1.4 2.0 3.6 7.1 
DO 5.2 3.0 -3.0 5.2
CO 5.2 3.0 -3.0 5.2
PR 5.2 3.0 -3.0 5.2
DO -1.4 -2.0 3.6 7.1
CO -1.4 -2.0 3.6 7.1
PR -1.4 -2.0 3.6 7.1
XX 0 0 0 0 
Xy -3.0 2.6 0.1 -0.4 
DO 6 1 -3 -11.1 0 
DO 2.1 2.2 1.6 2.8
SC 3.5 0 2.5 4
PX 2.2 1.4 -1.8 2.4 -3.2
AD 5.3 -2.5 1.1 -2.8
PR 15.8 22.7 -16.4 18.2 
AD 2 3 4 5 
PR 1 4 -2 1
DO 6 2 -2 3
SU 2 3 4 5
SX 3 -2 5 6 
SC 0 -1.2 2 5
CO 3 4 4 3 -1 -3
CO 9 11 12 9
S9 1 2 -4 1